0.169900,0.000000,0.985400,0.000000,1.000000,0.000000,-0.985400,0.000000,0.169900,0.220000,0.000000,0.471300,0.000000
0.169894,0.000000,0.985401,0.000000,1.000000,0.000000,-0.985401,0.000000,0.169894,0.220010,-0.000006,0.471300,0.000000
0.169875,0.000000,0.985404,0.000000,1.000000,0.000000,-0.985404,0.000000,0.169875,0.220039,-0.000024,0.471299,0.000000
0.169845,0.000000,0.985409,0.000000,1.000000,0.000000,-0.985409,0.000000,0.169845,0.220088,-0.000054,0.471299,0.000000
0.169802,0.000000,0.985417,0.000000,1.000000,0.000000,-0.985417,0.000000,0.169802,0.220157,-0.000095,0.471297,0.000000
0.169747,0.000000,0.985426,0.000000,1.000000,0.000000,-0.985426,0.000000,0.169747,0.220244,-0.000149,0.471296,0.000000
0.169680,0.000000,0.985438,0.000000,1.000000,0.000000,-0.985438,0.000000,0.169680,0.220351,-0.000214,0.471294,0.000000
0.169602,0.000000,0.985451,0.000000,1.000000,0.000000,-0.985451,0.000000,0.169602,0.220478,-0.000291,0.471292,0.000000
0.169511,0.000000,0.985467,0.000000,1.000000,0.000000,-0.985467,0.000000,0.169511,0.220623,-0.000380,0.471290,0.000000
0.169408,0.000000,0.985485,0.000000,1.000000,0.000000,-0.985485,0.000000,0.169408,0.220787,-0.000480,0.471287,0.000000
0.169293,0.000000,0.985504,0.000000,1.000000,0.000000,-0.985504,0.000000,0.169293,0.220971,-0.000592,0.471284,0.000000
0.169167,0.000000,0.985526,0.000000,1.000000,0.000000,-0.985526,0.000000,0.169167,0.221173,-0.000715,0.471280,0.000000
0.169029,0.000000,0.985550,0.000000,1.000000,0.000000,-0.985550,0.000000,0.169029,0.221394,-0.000850,0.471276,0.000000
0.168879,0.000000,0.985575,0.000000,1.000000,0.000000,-0.985575,0.000000,0.168879,0.221634,-0.000996,0.471272,0.000000
0.168718,0.000000,0.985603,0.000000,1.000000,0.000000,-0.985603,0.000000,0.168718,0.221892,-0.001154,0.471268,0.000000
0.168544,0.000000,0.985633,0.000000,1.000000,0.000000,-0.985633,0.000000,0.168544,0.222169,-0.001323,0.471263,0.000000
0.168360,0.000000,0.985664,0.000000,1.000000,0.000000,-0.985664,0.000000,0.168360,0.222465,-0.001503,0.471257,0.000000
0.168164,0.000000,0.985698,0.000000,1.000000,0.000000,-0.985698,0.000000,0.168164,0.222779,-0.001695,0.471252,0.000000
0.167956,0.000000,0.985733,0.000000,1.000000,0.000000,-0.985733,0.000000,0.167956,0.223111,-0.001897,0.471245,0.000000
0.167737,0.000000,0.985771,0.000000,1.000000,0.000000,-0.985771,0.000000,0.167737,0.223462,-0.002111,0.471239,0.000000
0.167506,0.000000,0.985810,0.000000,1.000000,0.000000,-0.985810,0.000000,0.167506,0.223830,-0.002336,0.471232,0.000000
0.167265,0.000000,0.985851,0.000000,1.000000,0.000000,-0.985851,0.000000,0.167265,0.224217,-0.002572,0.471225,0.000000
0.167011,0.000000,0.985894,0.000000,1.000000,0.000000,-0.985894,0.000000,0.167011,0.224622,-0.002819,0.471217,0.000000
0.166747,0.000000,0.985938,0.000000,1.000000,0.000000,-0.985938,0.000000,0.166747,0.225045,-0.003077,0.471208,0.000000
0.166472,0.000000,0.985985,0.000000,1.000000,0.000000,-0.985985,0.000000,0.166472,0.225485,-0.003345,0.471200,0.000000
0.166185,0.000000,0.986033,0.000000,1.000000,0.000000,-0.986033,0.000000,0.166185,0.225944,-0.003625,0.471190,0.000000
0.165887,0.000000,0.986083,0.000000,1.000000,0.000000,-0.986083,0.000000,0.165887,0.226420,-0.003915,0.471181,0.000000
0.165579,0.000000,0.986135,0.000000,1.000000,0.000000,-0.986135,0.000000,0.165579,0.226914,-0.004217,0.471170,0.000000
0.165259,0.000000,0.986189,0.000000,1.000000,0.000000,-0.986189,0.000000,0.165259,0.227425,-0.004528,0.471160,0.000000
0.164928,0.000000,0.986244,0.000000,1.000000,0.000000,-0.986244,0.000000,0.164928,0.227954,-0.004851,0.471148,0.000000
0.164587,0.000000,0.986301,0.000000,1.000000,0.000000,-0.986301,0.000000,0.164587,0.228500,-0.005184,0.471136,0.000000
0.164234,0.000000,0.986360,0.000000,1.000000,0.000000,-0.986360,0.000000,0.164234,0.229064,-0.005528,0.471124,0.000000
0.163871,0.000000,0.986421,0.000000,1.000000,0.000000,-0.986421,0.000000,0.163871,0.229644,-0.005882,0.471111,0.000000
0.163497,0.000000,0.986483,0.000000,1.000000,0.000000,-0.986483,0.000000,0.163497,0.230242,-0.006247,0.471097,0.000000
0.163112,0.000000,0.986546,0.000000,1.000000,0.000000,-0.986546,0.000000,0.163112,0.230857,-0.006622,0.471083,0.000000
0.162717,0.000000,0.986612,0.000000,1.000000,0.000000,-0.986612,0.000000,0.162717,0.231489,-0.007007,0.471068,0.000000
0.162311,0.000000,0.986678,0.000000,1.000000,0.000000,-0.986678,0.000000,0.162311,0.232138,-0.007403,0.471052,0.000000
0.161895,0.000000,0.986747,0.000000,1.000000,0.000000,-0.986747,0.000000,0.161895,0.232803,-0.007809,0.471036,0.000000
0.161468,0.000000,0.986817,0.000000,1.000000,0.000000,-0.986817,0.000000,0.161468,0.233486,-0.008225,0.471019,0.000000
0.161030,0.000000,0.986888,0.000000,1.000000,0.000000,-0.986888,0.000000,0.161030,0.234185,-0.008651,0.471002,0.000000
0.160582,0.000000,0.986961,0.000000,1.000000,0.000000,-0.986961,0.000000,0.160582,0.234901,-0.009088,0.470983,0.000000
0.160124,0.000000,0.987036,0.000000,1.000000,0.000000,-0.987036,0.000000,0.160124,0.235633,-0.009535,0.470964,0.000000
0.159655,0.000000,0.987112,0.000000,1.000000,0.000000,-0.987112,0.000000,0.159655,0.236382,-0.009991,0.470944,0.000000
0.159176,0.000000,0.987189,0.000000,1.000000,0.000000,-0.987189,0.000000,0.159176,0.237147,-0.010458,0.470923,0.000000
0.158687,0.000000,0.987268,0.000000,1.000000,0.000000,-0.987268,0.000000,0.158687,0.237928,-0.010935,0.470902,0.000000
0.158188,0.000000,0.987348,0.000000,1.000000,0.000000,-0.987348,0.000000,0.158188,0.238725,-0.011421,0.470879,0.000000
0.157678,0.000000,0.987429,0.000000,1.000000,0.000000,-0.987429,0.000000,0.157678,0.239539,-0.011917,0.470856,0.000000
0.157159,0.000000,0.987512,0.000000,1.000000,0.000000,-0.987512,0.000000,0.157159,0.240369,-0.012423,0.470831,0.000000
0.156629,0.000000,0.987596,0.000000,1.000000,0.000000,-0.987596,0.000000,0.156629,0.241214,-0.012939,0.470806,0.000000
0.156089,0.000000,0.987682,0.000000,1.000000,0.000000,-0.987682,0.000000,0.156089,0.242076,-0.013465,0.470780,0.000000
0.155540,0.000000,0.987768,0.000000,1.000000,0.000000,-0.987768,0.000000,0.155540,0.242953,-0.014000,0.470753,0.000000
0.154980,0.000000,0.987856,0.000000,1.000000,0.000000,-0.987856,0.000000,0.154980,0.243846,-0.014545,0.470725,0.000000
0.154411,0.000000,0.987946,0.000000,1.000000,0.000000,-0.987946,0.000000,0.154411,0.244755,-0.015099,0.470696,0.000000
0.153832,0.000000,0.988036,0.000000,1.000000,0.000000,-0.988036,0.000000,0.153832,0.245679,-0.015663,0.470666,0.000000
0.153243,0.000000,0.988127,0.000000,1.000000,0.000000,-0.988127,0.000000,0.153243,0.246618,-0.016236,0.470635,0.000000
0.152644,0.000000,0.988220,0.000000,1.000000,0.000000,-0.988220,0.000000,0.152644,0.247574,-0.016819,0.470603,0.000000
0.152036,0.000000,0.988314,0.000000,1.000000,0.000000,-0.988314,0.000000,0.152036,0.248544,-0.017411,0.470569,0.000000
0.151418,0.000000,0.988409,0.000000,1.000000,0.000000,-0.988409,0.000000,0.151418,0.249530,-0.018012,0.470535,0.000000
0.150790,0.000000,0.988505,0.000000,1.000000,0.000000,-0.988505,0.000000,0.150790,0.250530,-0.018623,0.470499,0.000000
0.150153,0.000000,0.988602,0.000000,1.000000,0.000000,-0.988602,0.000000,0.150153,0.251546,-0.019243,0.470462,0.000000
0.149507,0.000000,0.988700,0.000000,1.000000,0.000000,-0.988700,0.000000,0.149507,0.252577,-0.019872,0.470424,0.000000
0.148851,0.000000,0.988799,0.000000,1.000000,0.000000,-0.988799,0.000000,0.148851,0.253623,-0.020510,0.470385,0.000000
0.148185,0.000000,0.988898,0.000000,1.000000,0.000000,-0.988898,0.000000,0.148185,0.254684,-0.021157,0.470345,0.000000
0.147511,0.000000,0.988999,0.000000,1.000000,0.000000,-0.988999,0.000000,0.147511,0.255759,-0.021814,0.470303,0.000000
0.146827,0.000000,0.989101,0.000000,1.000000,0.000000,-0.989101,0.000000,0.146827,0.256849,-0.022479,0.470260,0.000000
0.146133,0.000000,0.989204,0.000000,1.000000,0.000000,-0.989204,0.000000,0.146133,0.257954,-0.023153,0.470215,0.000000
0.145431,0.000000,0.989307,0.000000,1.000000,0.000000,-0.989307,0.000000,0.145431,0.259073,-0.023836,0.470169,0.000000
0.144719,0.000000,0.989412,0.000000,1.000000,0.000000,-0.989412,0.000000,0.144719,0.260207,-0.024528,0.470122,0.000000
0.143999,0.000000,0.989517,0.000000,1.000000,0.000000,-0.989517,0.000000,0.143999,0.261355,-0.025229,0.470073,0.000000
0.143269,0.000000,0.989623,0.000000,1.000000,0.000000,-0.989623,0.000000,0.143269,0.262517,-0.025938,0.470023,0.000000
0.142530,0.000000,0.989729,0.000000,1.000000,0.000000,-0.989729,0.000000,0.142530,0.263694,-0.026656,0.469971,0.000000
0.141782,0.000000,0.989837,0.000000,1.000000,0.000000,-0.989837,0.000000,0.141782,0.264884,-0.027383,0.469918,0.000000
0.141025,0.000000,0.989945,0.000000,1.000000,0.000000,-0.989945,0.000000,0.141025,0.266089,-0.028118,0.469864,0.000000
0.140260,0.000000,0.990054,0.000000,1.000000,0.000000,-0.990054,0.000000,0.140260,0.267307,-0.028862,0.469807,0.000000
0.139485,0.000000,0.990163,0.000000,1.000000,0.000000,-0.990163,0.000000,0.139485,0.268540,-0.029614,0.469749,0.000000
0.138702,0.000000,0.990273,0.000000,1.000000,0.000000,-0.990273,0.000000,0.138702,0.269786,-0.030375,0.469690,0.000000
0.137910,0.000000,0.990384,0.000000,1.000000,0.000000,-0.990384,0.000000,0.137910,0.271046,-0.031144,0.469629,0.000000
0.137109,0.000000,0.990495,0.000000,1.000000,0.000000,-0.990495,0.000000,0.137109,0.272320,-0.031922,0.469566,0.000000
0.136300,0.000000,0.990607,0.000000,1.000000,0.000000,-0.990607,0.000000,0.136300,0.273607,-0.032708,0.469501,0.000000
0.135482,0.000000,0.990719,0.000000,1.000000,0.000000,-0.990719,0.000000,0.135482,0.274907,-0.033502,0.469435,0.000000
0.134656,0.000000,0.990831,0.000000,1.000000,0.000000,-0.990831,0.000000,0.134656,0.276221,-0.034304,0.469367,0.000000
0.133821,0.000000,0.990945,0.000000,1.000000,0.000000,-0.990945,0.000000,0.133821,0.277549,-0.035114,0.469297,0.000000
0.132978,0.000000,0.991058,0.000000,1.000000,0.000000,-0.991058,0.000000,0.132978,0.278889,-0.035933,0.469225,0.000000
0.132126,0.000000,0.991172,0.000000,1.000000,0.000000,-0.991172,0.000000,0.132126,0.280243,-0.036760,0.469152,0.000000
0.131266,0.000000,0.991286,0.000000,1.000000,0.000000,-0.991286,0.000000,0.131266,0.281610,-0.037594,0.469076,0.000000
0.130397,0.000000,0.991401,0.000000,1.000000,0.000000,-0.991401,0.000000,0.130397,0.282989,-0.038437,0.468999,0.000000
0.129520,0.000000,0.991516,0.000000,1.000000,0.000000,-0.991516,0.000000,0.129520,0.284382,-0.039288,0.468919,0.000000
0.128635,0.000000,0.991631,0.000000,1.000000,0.000000,-0.991631,0.000000,0.128635,0.285788,-0.040146,0.468838,0.000000
0.127742,0.000000,0.991746,0.000000,1.000000,0.000000,-0.991746,0.000000,0.127742,0.287206,-0.041012,0.468754,0.000000
0.126841,0.000000,0.991862,0.000000,1.000000,0.000000,-0.991862,0.000000,0.126841,0.288637,-0.041886,0.468669,0.000000
0.125932,0.000000,0.991978,0.000000,1.000000,0.000000,-0.991978,0.000000,0.125932,0.290080,-0.042768,0.468582,0.000000
0.125014,0.000000,0.992094,0.000000,1.000000,0.000000,-0.992094,0.000000,0.125014,0.291536,-0.043657,0.468492,0.000000
0.124089,0.000000,0.992210,0.000000,1.000000,0.000000,-0.992210,0.000000,0.124089,0.293004,-0.044554,0.468400,0.000000
0.123156,0.000000,0.992326,0.000000,1.000000,0.000000,-0.992326,0.000000,0.123156,0.294485,-0.045459,0.468306,0.000000
0.122215,0.000000,0.992443,0.000000,1.000000,0.000000,-0.992443,0.000000,0.122215,0.295978,-0.046371,0.468210,0.000000
0.121266,0.000000,0.992559,0.000000,1.000000,0.000000,-0.992559,0.000000,0.121266,0.297483,-0.047291,0.468112,0.000000
0.120309,0.000000,0.992676,0.000000,1.000000,0.000000,-0.992676,0.000000,0.120309,0.299000,-0.048218,0.468011,0.000000
0.119345,0.000000,0.992792,0.000000,1.000000,0.000000,-0.992792,0.000000,0.119345,0.300529,-0.049153,0.467908,0.000000
0.118372,0.000000,0.992908,0.000000,1.000000,0.000000,-0.992908,0.000000,0.118372,0.302070,-0.050094,0.467803,0.000000
0.117393,0.000000,0.993025,0.000000,1.000000,0.000000,-0.993025,0.000000,0.117393,0.303623,-0.051044,0.467696,0.000000
0.116405,0.000000,0.993141,0.000000,1.000000,0.000000,-0.993141,0.000000,0.116405,0.305187,-0.052000,0.467586,0.000000
0.115410,0.000000,0.993257,0.000000,1.000000,0.000000,-0.993257,0.000000,0.115410,0.306764,-0.052964,0.467474,0.000000
0.114408,0.000000,0.993373,0.000000,1.000000,0.000000,-0.993373,0.000000,0.114408,0.308351,-0.053934,0.467359,0.000000
0.113398,0.000000,0.993489,0.000000,1.000000,0.000000,-0.993489,0.000000,0.113398,0.309951,-0.054912,0.467242,0.000000
0.112380,0.000000,0.993604,0.000000,1.000000,0.000000,-0.993604,0.000000,0.112380,0.311562,-0.055897,0.467122,0.000000
0.111356,0.000000,0.993720,0.000000,1.000000,0.000000,-0.993720,0.000000,0.111356,0.313184,-0.056889,0.467000,0.000000
0.110324,0.000000,0.993835,0.000000,1.000000,0.000000,-0.993835,0.000000,0.110324,0.314817,-0.057888,0.466875,0.000000
0.109284,0.000000,0.993950,0.000000,1.000000,0.000000,-0.993950,0.000000,0.109284,0.316462,-0.058894,0.466748,0.000000
0.108238,0.000000,0.994064,0.000000,1.000000,0.000000,-0.994064,0.000000,0.108238,0.318117,-0.059906,0.466618,0.000000
0.107184,0.000000,0.994178,0.000000,1.000000,0.000000,-0.994178,0.000000,0.107184,0.319784,-0.060926,0.466486,0.000000
0.106123,0.000000,0.994292,0.000000,1.000000,0.000000,-0.994292,0.000000,0.106123,0.321461,-0.061952,0.466350,0.000000
0.105056,0.000000,0.994406,0.000000,1.000000,0.000000,-0.994406,0.000000,0.105056,0.323150,-0.062985,0.466213,0.000000
0.103981,0.000000,0.994519,0.000000,1.000000,0.000000,-0.994519,0.000000,0.103981,0.324849,-0.064025,0.466072,0.000000
0.102899,0.000000,0.994631,0.000000,1.000000,0.000000,-0.994631,0.000000,0.102899,0.326559,-0.065071,0.465929,0.000000
0.101810,0.000000,0.994743,0.000000,1.000000,0.000000,-0.994743,0.000000,0.101810,0.328279,-0.066124,0.465782,0.000000
0.100714,0.000000,0.994855,0.000000,1.000000,0.000000,-0.994855,0.000000,0.100714,0.330010,-0.067183,0.465633,0.000000
0.099612,0.000000,0.994966,0.000000,1.000000,0.000000,-0.994966,0.000000,0.099612,0.331751,-0.068249,0.465482,0.000000
0.098503,0.000000,0.995076,0.000000,1.000000,0.000000,-0.995076,0.000000,0.098503,0.333503,-0.069321,0.465327,0.000000
0.097387,0.000000,0.995186,0.000000,1.000000,0.000000,-0.995186,0.000000,0.097387,0.335265,-0.070400,0.465170,0.000000
0.096264,0.000000,0.995295,0.000000,1.000000,0.000000,-0.995295,0.000000,0.096264,0.337037,-0.071485,0.465009,0.000000
0.095135,0.000000,0.995404,0.000000,1.000000,0.000000,-0.995404,0.000000,0.095135,0.338819,-0.072576,0.464846,0.000000
0.093999,0.000000,0.995512,0.000000,1.000000,0.000000,-0.995512,0.000000,0.093999,0.340612,-0.073674,0.464679,0.000000
0.092857,0.000000,0.995619,0.000000,1.000000,0.000000,-0.995619,0.000000,0.092857,0.342414,-0.074777,0.464510,0.000000
0.091708,0.000000,0.995725,0.000000,1.000000,0.000000,-0.995725,0.000000,0.091708,0.344226,-0.075887,0.464338,0.000000
0.090553,0.000000,0.995831,0.000000,1.000000,0.000000,-0.995831,0.000000,0.090553,0.346047,-0.077003,0.464162,0.000000
0.089391,0.000000,0.995936,0.000000,1.000000,0.000000,-0.995936,0.000000,0.089391,0.347879,-0.078125,0.463984,0.000000
0.088223,0.000000,0.996040,0.000000,1.000000,0.000000,-0.996040,0.000000,0.088223,0.349720,-0.079253,0.463802,0.000000
0.087049,0.000000,0.996143,0.000000,1.000000,0.000000,-0.996143,0.000000,0.087049,0.351570,-0.080387,0.463617,0.000000
0.085868,0.000000,0.996246,0.000000,1.000000,0.000000,-0.996246,0.000000,0.085868,0.353430,-0.081527,0.463429,0.000000
0.084681,0.000000,0.996347,0.000000,1.000000,0.000000,-0.996347,0.000000,0.084681,0.355299,-0.082672,0.463238,0.000000
0.083488,0.000000,0.996448,0.000000,1.000000,0.000000,-0.996448,0.000000,0.083488,0.357177,-0.083824,0.463044,0.000000
0.082289,0.000000,0.996548,0.000000,1.000000,0.000000,-0.996548,0.000000,0.082289,0.359065,-0.084981,0.462846,0.000000
0.081085,0.000000,0.996647,0.000000,1.000000,0.000000,-0.996647,0.000000,0.081085,0.360962,-0.086144,0.462645,0.000000
0.079874,0.000000,0.996744,0.000000,1.000000,0.000000,-0.996744,0.000000,0.079874,0.362867,-0.087313,0.462441,0.000000
0.078657,0.000000,0.996841,0.000000,1.000000,0.000000,-0.996841,0.000000,0.078657,0.364782,-0.088487,0.462234,0.000000
0.077434,0.000000,0.996937,0.000000,1.000000,0.000000,-0.996937,0.000000,0.077434,0.366705,-0.089667,0.462023,0.000000
0.076205,0.000000,0.997032,0.000000,1.000000,0.000000,-0.997032,0.000000,0.076205,0.368637,-0.090852,0.461809,0.000000
0.074971,0.000000,0.997125,0.000000,1.000000,0.000000,-0.997125,0.000000,0.074971,0.370578,-0.092043,0.461591,0.000000
0.073731,0.000000,0.997218,0.000000,1.000000,0.000000,-0.997218,0.000000,0.073731,0.372528,-0.093239,0.461370,0.000000
0.072485,0.000000,0.997309,0.000000,1.000000,0.000000,-0.997309,0.000000,0.072485,0.374485,-0.094441,0.461146,0.000000
0.071233,0.000000,0.997399,0.000000,1.000000,0.000000,-0.997399,0.000000,0.071233,0.376452,-0.095648,0.460918,0.000000
0.069976,0.000000,0.997488,0.000000,1.000000,0.000000,-0.997488,0.000000,0.069976,0.378426,-0.096860,0.460687,0.000000
0.068714,0.000000,0.997576,0.000000,1.000000,0.000000,-0.997576,0.000000,0.068714,0.380409,-0.098078,0.460452,0.000000
0.067445,0.000000,0.997662,0.000000,1.000000,0.000000,-0.997662,0.000000,0.067445,0.382400,-0.099300,0.460214,0.000000
0.066172,0.000000,0.997748,0.000000,1.000000,0.000000,-0.997748,0.000000,0.066172,0.384399,-0.100528,0.459972,0.000000
0.064893,0.000000,0.997832,0.000000,1.000000,0.000000,-0.997832,0.000000,0.064893,0.386406,-0.101761,0.459727,0.000000
0.063609,0.000000,0.997914,0.000000,1.000000,0.000000,-0.997914,0.000000,0.063609,0.388420,-0.102999,0.459477,0.000000
0.062319,0.000000,0.997996,0.000000,1.000000,0.000000,-0.997996,0.000000,0.062319,0.390443,-0.104242,0.459225,0.000000
0.061024,0.000000,0.998076,0.000000,1.000000,0.000000,-0.998076,0.000000,0.061024,0.392473,-0.105490,0.458969,0.000000
0.059724,0.000000,0.998154,0.000000,1.000000,0.000000,-0.998154,0.000000,0.059724,0.394511,-0.106742,0.458709,0.000000
0.058419,0.000000,0.998232,0.000000,1.000000,0.000000,-0.998232,0.000000,0.058419,0.396557,-0.108000,0.458445,0.000000
0.057109,0.000000,0.998307,0.000000,1.000000,0.000000,-0.998307,0.000000,0.057109,0.398610,-0.109262,0.458178,0.000000
0.055794,0.000000,0.998382,0.000000,1.000000,0.000000,-0.998382,0.000000,0.055794,0.400670,-0.110530,0.457907,0.000000
0.054474,0.000000,0.998455,0.000000,1.000000,0.000000,-0.998455,0.000000,0.054474,0.402738,-0.111801,0.457632,0.000000
0.053149,0.000000,0.998526,0.000000,1.000000,0.000000,-0.998526,0.000000,0.053149,0.404813,-0.113078,0.457353,0.000000
0.051819,0.000000,0.998596,0.000000,1.000000,0.000000,-0.998596,0.000000,0.051819,0.406895,-0.114359,0.457071,0.000000
0.050484,0.000000,0.998664,0.000000,1.000000,0.000000,-0.998664,0.000000,0.050484,0.408983,-0.115645,0.456785,0.000000
0.049144,0.000000,0.998731,0.000000,1.000000,0.000000,-0.998731,0.000000,0.049144,0.411079,-0.116935,0.456495,0.000000
0.047800,0.000000,0.998796,0.000000,1.000000,0.000000,-0.998796,0.000000,0.047800,0.413182,-0.118230,0.456201,0.000000
0.046451,0.000000,0.998860,0.000000,1.000000,0.000000,-0.998860,0.000000,0.046451,0.415292,-0.119529,0.455904,0.000000
0.045097,0.000000,0.998922,0.000000,1.000000,0.000000,-0.998922,0.000000,0.045097,0.417408,-0.120832,0.455602,0.000000
0.043739,0.000000,0.998983,0.000000,1.000000,0.000000,-0.998983,0.000000,0.043739,0.419531,-0.122140,0.455297,0.000000
0.042376,0.000000,0.999041,0.000000,1.000000,0.000000,-0.999041,0.000000,0.042376,0.421660,-0.123452,0.454988,0.000000
0.041009,0.000000,0.999098,0.000000,1.000000,0.000000,-0.999098,0.000000,0.041009,0.423796,-0.124768,0.454675,0.000000
0.039638,0.000000,0.999154,0.000000,1.000000,0.000000,-0.999154,0.000000,0.039638,0.425938,-0.126088,0.454358,0.000000
0.038262,0.000000,0.999207,0.000000,1.000000,0.000000,-0.999207,0.000000,0.038262,0.428086,-0.127413,0.454037,0.000000
0.036881,0.000000,0.999259,0.000000,1.000000,0.000000,-0.999259,0.000000,0.036881,0.430241,-0.128742,0.453712,0.000000
0.035497,0.000000,0.999309,0.000000,1.000000,0.000000,-0.999309,0.000000,0.035497,0.432402,-0.130074,0.453383,0.000000
0.034108,0.000000,0.999358,0.000000,1.000000,0.000000,-0.999358,0.000000,0.034108,0.434568,-0.131411,0.453050,0.000000
0.032715,0.000000,0.999404,0.000000,1.000000,0.000000,-0.999404,0.000000,0.032715,0.436741,-0.132752,0.452713,0.000000
0.031318,0.000000,0.999449,0.000000,1.000000,0.000000,-0.999449,0.000000,0.031318,0.438919,-0.134096,0.452372,0.000000
0.029917,0.000000,0.999492,0.000000,1.000000,0.000000,-0.999492,0.000000,0.029917,0.441103,-0.135444,0.452027,0.000000
0.028512,0.000000,0.999533,0.000000,1.000000,0.000000,-0.999533,0.000000,0.028512,0.443293,-0.136796,0.451678,0.000000
0.027103,0.000000,0.999572,0.000000,1.000000,0.000000,-0.999572,0.000000,0.027103,0.445488,-0.138152,0.451325,0.000000
0.025690,0.000000,0.999610,0.000000,1.000000,0.000000,-0.999610,0.000000,0.025690,0.447689,-0.139512,0.450968,0.000000
0.024274,0.000000,0.999645,0.000000,1.000000,0.000000,-0.999645,0.000000,0.024274,0.449895,-0.140875,0.450607,0.000000
0.022853,0.000000,0.999678,0.000000,1.000000,0.000000,-0.999678,0.000000,0.022853,0.452107,-0.142242,0.450241,0.000000
0.021429,0.000000,0.999710,0.000000,1.000000,0.000000,-0.999710,0.000000,0.021429,0.454324,-0.143612,0.449872,0.000000
0.020001,0.000000,0.999740,0.000000,1.000000,0.000000,-0.999740,0.000000,0.020001,0.456546,-0.144986,0.449498,0.000000
0.018569,0.000000,0.999767,0.000000,1.000000,0.000000,-0.999767,0.000000,0.018569,0.458773,-0.146363,0.449121,0.000000
0.017134,0.000000,0.999793,0.000000,1.000000,0.000000,-0.999793,0.000000,0.017134,0.461005,-0.147744,0.448739,0.000000
0.015696,0.000000,0.999816,0.000000,1.000000,0.000000,-0.999816,0.000000,0.015696,0.463241,-0.149128,0.448353,0.000000
0.014254,0.000000,0.999838,0.000000,1.000000,0.000000,-0.999838,0.000000,0.014254,0.465483,-0.150515,0.447963,0.000000
0.012808,0.000000,0.999858,0.000000,1.000000,0.000000,-0.999858,0.000000,0.012808,0.467729,-0.151906,0.447569,0.000000
0.011359,0.000000,0.999875,0.000000,1.000000,0.000000,-0.999875,0.000000,0.011359,0.469980,-0.153300,0.447170,0.000000
0.009907,0.000000,0.999891,0.000000,1.000000,0.000000,-0.999891,0.000000,0.009907,0.472236,-0.154697,0.446767,0.000000
0.008451,0.000000,0.999904,0.000000,1.000000,0.000000,-0.999904,0.000000,0.008451,0.474495,-0.156097,0.446361,0.000000
0.006992,0.000000,0.999915,0.000000,1.000000,0.000000,-0.999915,0.000000,0.006992,0.476760,-0.157500,0.445950,0.000000
0.005531,0.000000,0.999924,0.000000,1.000000,0.000000,-0.999924,0.000000,0.005531,0.479028,-0.158907,0.445534,0.000000
0.004066,0.000000,0.999931,0.000000,1.000000,0.000000,-0.999931,0.000000,0.004066,0.481301,-0.160316,0.445115,0.000000
0.002598,0.000000,0.999936,0.000000,1.000000,0.000000,-0.999936,0.000000,0.002598,0.483578,-0.161728,0.444691,0.000000
0.001127,0.000000,0.999939,0.000000,1.000000,0.000000,-0.999939,0.000000,0.001127,0.485859,-0.163143,0.444264,0.000000
-0.000347,0.000000,0.999940,0.000000,1.000000,0.000000,-0.999940,0.000000,-0.000347,0.488143,-0.164561,0.443832,0.000000
-0.001824,0.000000,0.999938,0.000000,1.000000,0.000000,-0.999938,0.000000,-0.001824,0.490432,-0.165982,0.443395,0.000000
-0.003304,0.000000,0.999934,0.000000,1.000000,0.000000,-0.999934,0.000000,-0.003304,0.492724,-0.167405,0.442955,0.000000
-0.004787,0.000000,0.999928,0.000000,1.000000,0.000000,-0.999928,0.000000,-0.004787,0.495020,-0.168831,0.442510,0.000000
-0.006272,0.000000,0.999920,0.000000,1.000000,0.000000,-0.999920,0.000000,-0.006272,0.497320,-0.170260,0.442061,0.000000
-0.007760,0.000000,0.999909,0.000000,1.000000,0.000000,-0.999909,0.000000,-0.007760,0.499623,-0.171691,0.441608,0.000000
-0.009250,0.000000,0.999897,0.000000,1.000000,0.000000,-0.999897,0.000000,-0.009250,0.501930,-0.173125,0.441151,0.000000
-0.010744,0.000000,0.999882,0.000000,1.000000,0.000000,-0.999882,0.000000,-0.010744,0.504240,-0.174561,0.440689,0.000000
-0.012239,0.000000,0.999865,0.000000,1.000000,0.000000,-0.999865,0.000000,-0.012239,0.506553,-0.176000,0.440223,0.000000
-0.013737,0.000000,0.999845,0.000000,1.000000,0.000000,-0.999845,0.000000,-0.013737,0.508869,-0.177441,0.439753,0.000000
-0.015238,0.000000,0.999823,0.000000,1.000000,0.000000,-0.999823,0.000000,-0.015238,0.511188,-0.178885,0.439278,0.000000
-0.016741,0.000000,0.999799,0.000000,1.000000,0.000000,-0.999799,0.000000,-0.016741,0.513511,-0.180331,0.438800,0.000000
-0.018246,0.000000,0.999773,0.000000,1.000000,0.000000,-0.999773,0.000000,-0.018246,0.515836,-0.181779,0.438317,0.000000
-0.019753,0.000000,0.999744,0.000000,1.000000,0.000000,-0.999744,0.000000,-0.019753,0.518164,-0.183229,0.437830,0.000000
-0.021263,0.000000,0.999713,0.000000,1.000000,0.000000,-0.999713,0.000000,-0.021263,0.520495,-0.184681,0.437338,0.000000
-0.022775,0.000000,0.999680,0.000000,1.000000,0.000000,-0.999680,0.000000,-0.022775,0.522828,-0.186136,0.436843,0.000000
-0.024289,0.000000,0.999645,0.000000,1.000000,0.000000,-0.999645,0.000000,-0.024289,0.525164,-0.187593,0.436343,0.000000
-0.025805,0.000000,0.999607,0.000000,1.000000,0.000000,-0.999607,0.000000,-0.025805,0.527503,-0.189051,0.435839,0.000000
-0.027323,0.000000,0.999566,0.000000,1.000000,0.000000,-0.999566,0.000000,-0.027323,0.529843,-0.190512,0.435330,0.000000
-0.028842,0.000000,0.999524,0.000000,1.000000,0.000000,-0.999524,0.000000,-0.028842,0.532187,-0.191975,0.434818,0.000000
-0.030364,0.000000,0.999478,0.000000,1.000000,0.000000,-0.999478,0.000000,-0.030364,0.534532,-0.193439,0.434301,0.000000
-0.031888,0.000000,0.999431,0.000000,1.000000,0.000000,-0.999431,0.000000,-0.031888,0.536879,-0.194905,0.433780,0.000000
-0.033413,0.000000,0.999381,0.000000,1.000000,0.000000,-0.999381,0.000000,-0.033413,0.539229,-0.196373,0.433254,0.000000
-0.034940,0.000000,0.999329,0.000000,1.000000,0.000000,-0.999329,0.000000,-0.034940,0.541580,-0.197843,0.432725,0.000000
-0.036469,0.000000,0.999274,0.000000,1.000000,0.000000,-0.999274,0.000000,-0.036469,0.543934,-0.199314,0.432191,0.000000
-0.037999,0.000000,0.999217,0.000000,1.000000,0.000000,-0.999217,0.000000,-0.037999,0.546289,-0.200787,0.431654,0.000000
-0.039531,0.000000,0.999158,0.000000,1.000000,0.000000,-0.999158,0.000000,-0.039531,0.548646,-0.202262,0.431111,0.000000
-0.041064,0.000000,0.999096,0.000000,1.000000,0.000000,-0.999096,0.000000,-0.041064,0.551004,-0.203738,0.430565,0.000000
-0.042599,0.000000,0.999032,0.000000,1.000000,0.000000,-0.999032,0.000000,-0.042599,0.553364,-0.205216,0.430015,0.000000
-0.044135,0.000000,0.998965,0.000000,1.000000,0.000000,-0.998965,0.000000,-0.044135,0.555726,-0.206695,0.429460,0.000000
-0.045673,0.000000,0.998896,0.000000,1.000000,0.000000,-0.998896,0.000000,-0.045673,0.558089,-0.208176,0.428902,0.000000
-0.047212,0.000000,0.998824,0.000000,1.000000,0.000000,-0.998824,0.000000,-0.047212,0.560453,-0.209657,0.428339,0.000000
-0.048752,0.000000,0.998750,0.000000,1.000000,0.000000,-0.998750,0.000000,-0.048752,0.562818,-0.211141,0.427772,0.000000
-0.050293,0.000000,0.998674,0.000000,1.000000,0.000000,-0.998674,0.000000,-0.050293,0.565184,-0.212625,0.427201,0.000000
-0.051836,0.000000,0.998595,0.000000,1.000000,0.000000,-0.998595,0.000000,-0.051836,0.567552,-0.214111,0.426625,0.000000
-0.053379,0.000000,0.998514,0.000000,1.000000,0.000000,-0.998514,0.000000,-0.053379,0.569920,-0.215597,0.426046,0.000000
-0.054924,0.000000,0.998430,0.000000,1.000000,0.000000,-0.998430,0.000000,-0.054924,0.572289,-0.217085,0.425462,0.000000
-0.056469,0.000000,0.998344,0.000000,1.000000,0.000000,-0.998344,0.000000,-0.056469,0.574659,-0.218574,0.424875,0.000000
-0.058015,0.000000,0.998255,0.000000,1.000000,0.000000,-0.998255,0.000000,-0.058015,0.577030,-0.220064,0.424283,0.000000
-0.059563,0.000000,0.998164,0.000000,1.000000,0.000000,-0.998164,0.000000,-0.059563,0.579402,-0.221555,0.423688,0.000000
-0.061111,0.000000,0.998070,0.000000,1.000000,0.000000,-0.998070,0.000000,-0.061111,0.581773,-0.223047,0.423088,0.000000
-0.062659,0.000000,0.997974,0.000000,1.000000,0.000000,-0.997974,0.000000,-0.062659,0.584146,-0.224539,0.422484,0.000000
-0.064209,0.000000,0.997876,0.000000,1.000000,0.000000,-0.997876,0.000000,-0.064209,0.586518,-0.226033,0.421876,0.000000
-0.065759,0.000000,0.997775,0.000000,1.000000,0.000000,-0.997775,0.000000,-0.065759,0.588891,-0.227527,0.421265,0.000000
-0.067310,0.000000,0.997672,0.000000,1.000000,0.000000,-0.997672,0.000000,-0.067310,0.591264,-0.229022,0.420649,0.000000
-0.068861,0.000000,0.997566,0.000000,1.000000,0.000000,-0.997566,0.000000,-0.068861,0.593638,-0.230518,0.420029,0.000000
-0.070413,0.000000,0.997457,0.000000,1.000000,0.000000,-0.997457,0.000000,-0.070413,0.596011,-0.232014,0.419406,0.000000
-0.071965,0.000000,0.997347,0.000000,1.000000,0.000000,-0.997347,0.000000,-0.071965,0.598384,-0.233511,0.418778,0.000000
-0.073517,0.000000,0.997233,0.000000,1.000000,0.000000,-0.997233,0.000000,-0.073517,0.600757,-0.235008,0.418146,0.000000
-0.075070,0.000000,0.997118,0.000000,1.000000,0.000000,-0.997118,0.000000,-0.075070,0.603130,-0.236506,0.417511,0.000000
-0.076623,0.000000,0.997000,0.000000,1.000000,0.000000,-0.997000,0.000000,-0.076623,0.605502,-0.238004,0.416872,0.000000
-0.078176,0.000000,0.996879,0.000000,1.000000,0.000000,-0.996879,0.000000,-0.078176,0.607874,-0.239503,0.416229,0.000000
-0.079730,0.000000,0.996756,0.000000,1.000000,0.000000,-0.996756,0.000000,-0.079730,0.610246,-0.241002,0.415582,0.000000
-0.081283,0.000000,0.996630,0.000000,1.000000,0.000000,-0.996630,0.000000,-0.081283,0.612617,-0.242501,0.414931,0.000000
-0.082837,0.000000,0.996502,0.000000,1.000000,0.000000,-0.996502,0.000000,-0.082837,0.614987,-0.244001,0.414276,0.000000
-0.084391,0.000000,0.996372,0.000000,1.000000,0.000000,-0.996372,0.000000,-0.084391,0.617357,-0.245500,0.413618,0.000000
-0.085944,0.000000,0.996239,0.000000,1.000000,0.000000,-0.996239,0.000000,-0.085944,0.619726,-0.247000,0.412956,0.000000
-0.087498,0.000000,0.996104,0.000000,1.000000,0.000000,-0.996104,0.000000,-0.087498,0.622094,-0.248500,0.412290,0.000000
-0.089051,0.000000,0.995966,0.000000,1.000000,0.000000,-0.995966,0.000000,-0.089051,0.624461,-0.250000,0.411620,0.000000
-0.090604,0.000000,0.995826,0.000000,1.000000,0.000000,-0.995826,0.000000,-0.090604,0.626827,-0.251500,0.410947,0.000000
-0.092157,0.000000,0.995684,0.000000,1.000000,0.000000,-0.995684,0.000000,-0.092157,0.629192,-0.253000,0.410270,0.000000
-0.093709,0.000000,0.995539,0.000000,1.000000,0.000000,-0.995539,0.000000,-0.093709,0.631556,-0.254500,0.409590,0.000000
-0.095261,0.000000,0.995392,0.000000,1.000000,0.000000,-0.995392,0.000000,-0.095261,0.633918,-0.255999,0.408905,0.000000
-0.096813,0.000000,0.995242,0.000000,1.000000,0.000000,-0.995242,0.000000,-0.096813,0.636279,-0.257499,0.408217,0.000000
-0.098364,0.000000,0.995090,0.000000,1.000000,0.000000,-0.995090,0.000000,-0.098364,0.638639,-0.258998,0.407526,0.000000
-0.099915,0.000000,0.994935,0.000000,1.000000,0.000000,-0.994935,0.000000,-0.099915,0.640997,-0.260497,0.406831,0.000000
-0.101465,0.000000,0.994778,0.000000,1.000000,0.000000,-0.994778,0.000000,-0.101465,0.643353,-0.261996,0.406133,0.000000
-0.103014,0.000000,0.994619,0.000000,1.000000,0.000000,-0.994619,0.000000,-0.103014,0.645708,-0.263494,0.405431,0.000000
-0.104563,0.000000,0.994458,0.000000,1.000000,0.000000,-0.994458,0.000000,-0.104563,0.648061,-0.264992,0.404725,0.000000
-0.106111,0.000000,0.994294,0.000000,1.000000,0.000000,-0.994294,0.000000,-0.106111,0.650412,-0.266489,0.404017,0.000000
-0.107658,0.000000,0.994127,0.000000,1.000000,0.000000,-0.994127,0.000000,-0.107658,0.652761,-0.267986,0.403304,0.000000
-0.109205,0.000000,0.993959,0.000000,1.000000,0.000000,-0.993959,0.000000,-0.109205,0.655108,-0.269482,0.402589,0.000000
-0.110750,0.000000,0.993788,0.000000,1.000000,0.000000,-0.993788,0.000000,-0.110750,0.657453,-0.270978,0.401870,0.000000
-0.112294,0.000000,0.993614,0.000000,1.000000,0.000000,-0.993614,0.000000,-0.112294,0.659796,-0.272473,0.401148,0.000000
-0.113838,0.000000,0.993439,0.000000,1.000000,0.000000,-0.993439,0.000000,-0.113838,0.662137,-0.273967,0.400422,0.000000
-0.115380,0.000000,0.993261,0.000000,1.000000,0.000000,-0.993261,0.000000,-0.115380,0.664475,-0.275461,0.399693,0.000000
-0.116921,0.000000,0.993080,0.000000,1.000000,0.000000,-0.993080,0.000000,-0.116921,0.666811,-0.276953,0.398961,0.000000
-0.118461,0.000000,0.992898,0.000000,1.000000,0.000000,-0.992898,0.000000,-0.118461,0.669144,-0.278445,0.398226,0.000000
-0.120000,0.000000,0.992713,0.000000,1.000000,0.000000,-0.992713,0.000000,-0.120000,0.671475,-0.279936,0.397488,0.000000
-0.121538,0.000000,0.992526,0.000000,1.000000,0.000000,-0.992526,0.000000,-0.121538,0.673803,-0.281426,0.396746,0.000000
-0.123074,0.000000,0.992337,0.000000,1.000000,0.000000,-0.992337,0.000000,-0.123074,0.676129,-0.282915,0.396001,0.000000
-0.124609,0.000000,0.992145,0.000000,1.000000,0.000000,-0.992145,0.000000,-0.124609,0.678451,-0.284403,0.395254,0.000000
-0.126142,0.000000,0.991951,0.000000,1.000000,0.000000,-0.991951,0.000000,-0.126142,0.680771,-0.285889,0.394503,0.000000
-0.127674,0.000000,0.991755,0.000000,1.000000,0.000000,-0.991755,0.000000,-0.127674,0.683088,-0.287375,0.393749,0.000000
-0.129205,0.000000,0.991557,0.000000,1.000000,0.000000,-0.991557,0.000000,-0.129205,0.685402,-0.288859,0.392992,0.000000
-0.130733,0.000000,0.991357,0.000000,1.000000,0.000000,-0.991357,0.000000,-0.130733,0.687712,-0.290343,0.392233,0.000000
-0.132261,0.000000,0.991154,0.000000,1.000000,0.000000,-0.991154,0.000000,-0.132261,0.690020,-0.291824,0.391470,0.000000
-0.133786,0.000000,0.990949,0.000000,1.000000,0.000000,-0.990949,0.000000,-0.133786,0.692324,-0.293305,0.390705,0.000000
-0.135310,0.000000,0.990742,0.000000,1.000000,0.000000,-0.990742,0.000000,-0.135310,0.694625,-0.294784,0.389937,0.000000
-0.136832,0.000000,0.990533,0.000000,1.000000,0.000000,-0.990533,0.000000,-0.136832,0.696922,-0.296262,0.389166,0.000000
-0.138352,0.000000,0.990322,0.000000,1.000000,0.000000,-0.990322,0.000000,-0.138352,0.699216,-0.297738,0.388392,0.000000
-0.139870,0.000000,0.990109,0.000000,1.000000,0.000000,-0.990109,0.000000,-0.139870,0.701507,-0.299213,0.387615,0.000000
-0.141386,0.000000,0.989894,0.000000,1.000000,0.000000,-0.989894,0.000000,-0.141386,0.703793,-0.300686,0.386836,0.000000
-0.142900,0.000000,0.989676,0.000000,1.000000,0.000000,-0.989676,0.000000,-0.142900,0.706076,-0.302157,0.386055,0.000000
-0.144412,0.000000,0.989457,0.000000,1.000000,0.000000,-0.989457,0.000000,-0.144412,0.708356,-0.303627,0.385270,0.000000
-0.145922,0.000000,0.989235,0.000000,1.000000,0.000000,-0.989235,0.000000,-0.145922,0.710631,-0.305095,0.384483,0.000000
-0.147430,0.000000,0.989011,0.000000,1.000000,0.000000,-0.989011,0.000000,-0.147430,0.712902,-0.306561,0.383694,0.000000
-0.148935,0.000000,0.988786,0.000000,1.000000,0.000000,-0.988786,0.000000,-0.148935,0.715169,-0.308025,0.382902,0.000000
-0.150439,0.000000,0.988558,0.000000,1.000000,0.000000,-0.988558,0.000000,-0.150439,0.717433,-0.309488,0.382108,0.000000
-0.151940,0.000000,0.988329,0.000000,1.000000,0.000000,-0.988329,0.000000,-0.151940,0.719692,-0.310949,0.381311,0.000000
-0.153438,0.000000,0.988097,0.000000,1.000000,0.000000,-0.988097,0.000000,-0.153438,0.721946,-0.312407,0.380512,0.000000
-0.154935,0.000000,0.987864,0.000000,1.000000,0.000000,-0.987864,0.000000,-0.154935,0.724197,-0.313864,0.379711,0.000000
-0.156428,0.000000,0.987628,0.000000,1.000000,0.000000,-0.987628,0.000000,-0.156428,0.726443,-0.315319,0.378907,0.000000
-0.157920,0.000000,0.987391,0.000000,1.000000,0.000000,-0.987391,0.000000,-0.157920,0.728684,-0.316771,0.378101,0.000000
-0.159408,0.000000,0.987152,0.000000,1.000000,0.000000,-0.987152,0.000000,-0.159408,0.730922,-0.318221,0.377293,0.000000
-0.160894,0.000000,0.986910,0.000000,1.000000,0.000000,-0.986910,0.000000,-0.160894,0.733154,-0.319669,0.376483,0.000000
-0.162378,0.000000,0.986667,0.000000,1.000000,0.000000,-0.986667,0.000000,-0.162378,0.735382,-0.321115,0.375671,0.000000
-0.163858,0.000000,0.986423,0.000000,1.000000,0.000000,-0.986423,0.000000,-0.163858,0.737605,-0.322559,0.374856,0.000000
-0.165336,0.000000,0.986176,0.000000,1.000000,0.000000,-0.986176,0.000000,-0.165336,0.739823,-0.324000,0.374040,0.000000
-0.166811,0.000000,0.985928,0.000000,1.000000,0.000000,-0.985928,0.000000,-0.166811,0.742036,-0.325439,0.373222,0.000000
-0.168283,0.000000,0.985677,0.000000,1.000000,0.000000,-0.985677,0.000000,-0.168283,0.744244,-0.326875,0.372402,0.000000
-0.169752,0.000000,0.985425,0.000000,1.000000,0.000000,-0.985425,0.000000,-0.169752,0.746447,-0.328309,0.371580,0.000000
-0.171218,0.000000,0.985172,0.000000,1.000000,0.000000,-0.985172,0.000000,-0.171218,0.748645,-0.329740,0.370756,0.000000
-0.172682,0.000000,0.984916,0.000000,1.000000,0.000000,-0.984916,0.000000,-0.172682,0.750838,-0.331169,0.369930,0.000000
-0.174142,0.000000,0.984659,0.000000,1.000000,0.000000,-0.984659,0.000000,-0.174142,0.753025,-0.332595,0.369103,0.000000
-0.175599,0.000000,0.984400,0.000000,1.000000,0.000000,-0.984400,0.000000,-0.175599,0.755207,-0.334018,0.368274,0.000000
-0.177052,0.000000,0.984140,0.000000,1.000000,0.000000,-0.984140,0.000000,-0.177052,0.757384,-0.335439,0.367443,0.000000
-0.178503,0.000000,0.983878,0.000000,1.000000,0.000000,-0.983878,0.000000,-0.178503,0.759555,-0.336857,0.366611,0.000000
-0.179950,0.000000,0.983614,0.000000,1.000000,0.000000,-0.983614,0.000000,-0.179950,0.761721,-0.338272,0.365777,0.000000
-0.181394,0.000000,0.983349,0.000000,1.000000,0.000000,-0.983349,0.000000,-0.181394,0.763881,-0.339684,0.364942,0.000000
-0.182834,0.000000,0.983082,0.000000,1.000000,0.000000,-0.983082,0.000000,-0.182834,0.766035,-0.341093,0.364105,0.000000
-0.184271,0.000000,0.982814,0.000000,1.000000,0.000000,-0.982814,0.000000,-0.184271,0.768184,-0.342500,0.363267,0.000000
-0.185705,0.000000,0.982544,0.000000,1.000000,0.000000,-0.982544,0.000000,-0.185705,0.770327,-0.343903,0.362428,0.000000
-0.187135,0.000000,0.982273,0.000000,1.000000,0.000000,-0.982273,0.000000,-0.187135,0.772464,-0.345303,0.361587,0.000000
-0.188562,0.000000,0.982000,0.000000,1.000000,0.000000,-0.982000,0.000000,-0.188562,0.774594,-0.346700,0.360746,0.000000
-0.189984,0.000000,0.981726,0.000000,1.000000,0.000000,-0.981726,0.000000,-0.189984,0.776719,-0.348094,0.359903,0.000000
-0.191404,0.000000,0.981450,0.000000,1.000000,0.000000,-0.981450,0.000000,-0.191404,0.778838,-0.349485,0.359058,0.000000
-0.192819,0.000000,0.981173,0.000000,1.000000,0.000000,-0.981173,0.000000,-0.192819,0.780950,-0.350872,0.358213,0.000000
-0.194231,0.000000,0.980894,0.000000,1.000000,0.000000,-0.980894,0.000000,-0.194231,0.783056,-0.352256,0.357367,0.000000
-0.195639,0.000000,0.980614,0.000000,1.000000,0.000000,-0.980614,0.000000,-0.195639,0.785156,-0.353637,0.356520,0.000000
-0.197043,0.000000,0.980333,0.000000,1.000000,0.000000,-0.980333,0.000000,-0.197043,0.787250,-0.355014,0.355672,0.000000
-0.198443,0.000000,0.980051,0.000000,1.000000,0.000000,-0.980051,0.000000,-0.198443,0.789337,-0.356388,0.354823,0.000000
-0.199839,0.000000,0.979767,0.000000,1.000000,0.000000,-0.979767,0.000000,-0.199839,0.791417,-0.357758,0.353973,0.000000
-0.201231,0.000000,0.979482,0.000000,1.000000,0.000000,-0.979482,0.000000,-0.201231,0.793491,-0.359125,0.353122,0.000000
-0.202619,0.000000,0.979196,0.000000,1.000000,0.000000,-0.979196,0.000000,-0.202619,0.795558,-0.360488,0.352271,0.000000
-0.204002,0.000000,0.978909,0.000000,1.000000,0.000000,-0.978909,0.000000,-0.204002,0.797619,-0.361848,0.351419,0.000000
-0.205382,0.000000,0.978620,0.000000,1.000000,0.000000,-0.978620,0.000000,-0.205382,0.799672,-0.363204,0.350567,0.000000
-0.206758,0.000000,0.978330,0.000000,1.000000,0.000000,-0.978330,0.000000,-0.206758,0.801719,-0.364556,0.349714,0.000000
-0.208129,0.000000,0.978040,0.000000,1.000000,0.000000,-0.978040,0.000000,-0.208129,0.803759,-0.365904,0.348860,0.000000
-0.209496,0.000000,0.977748,0.000000,1.000000,0.000000,-0.977748,0.000000,-0.209496,0.805792,-0.367248,0.348007,0.000000
-0.210858,0.000000,0.977455,0.000000,1.000000,0.000000,-0.977455,0.000000,-0.210858,0.807818,-0.368589,0.347152,0.000000
